 -0.00000402
 -0.00000277
 -0.00000143
  0.00000000
  0.00000152
  0.00000312
  0.00000481
  0.00000659
  0.00000845
  0.00001040
  0.00001243
  0.00001454
  0.00001672
  0.00001898
  0.00002131
  0.00002371
  0.00002616
  0.00002868
  0.00003124
  0.00003386
  0.00003651
  0.00003920
  0.00004191
  0.00004465
  0.00004740
  0.00005016
  0.00005292
  0.00005567
  0.00005841
  0.00006112
  0.00006380
  0.00006645
  0.00006904
  0.00007158
  0.00007406
  0.00007646
  0.00007879
  0.00008102
  0.00008317
  0.00008521
  0.00008715
  0.00008897
  0.00009066
  0.00009224
  0.00009368
  0.00009498
  0.00009614
  0.00009715
  0.00009801
  0.00009873
  0.00009928
  0.00009968
  0.00009992
  0.00010000
  0.00009992
  0.00009968
  0.00009928
  0.00009873
  0.00009801
  0.00009715
  0.00009614
  0.00009498
  0.00009368
  0.00009224
  0.00009066
  0.00008897
  0.00008715
  0.00008521
  0.00008317
  0.00008102
  0.00007879
  0.00007646
  0.00007406
  0.00007158
  0.00006904
  0.00006645
  0.00006380
  0.00006112
  0.00005841
  0.00005567
  0.00005292
  0.00005016
  0.00004740
  0.00004465
  0.00004191
  0.00003920
  0.00003651
  0.00003386
  0.00003124
  0.00002868
  0.00002616
  0.00002371
  0.00002131
  0.00001898
  0.00001672
  0.00001454
  0.00001243
  0.00001040
  0.00000845
  0.00000659
  0.00000481
  0.00000312
  0.00000152
  0.00000000
 -0.00000143
 -0.00000277
 -0.00000402
