 -2.96515861
 -0.45618506
 -0.12356690
  0.00000000
  0.59740457
  2.50801412
  2.58875579
  2.66983483
  7.46040096
  5.34221200
  5.79690037
 13.56535983
 13.67153402
  3.68296006
 18.21818171
  1.73063380
 17.49566983
 14.20110911
 25.83932094
 26.86938752
 15.00987596
 14.49216858
 37.26438845
 17.91361308
 36.48197233
 28.21040859
 37.70342527
  7.64716322
 49.91870767
 19.85192827
 22.88020976
 48.70152764
 35.54321539
 13.24907679
  4.38955937
 34.08459112
 33.66796082
 26.46525314
 16.90051205
 67.58042084
 47.98011454
 68.29293953
 46.03399492
 21.79732966
 16.25884381
 63.05679904
 49.85828346
 42.61585831
 11.26550838
 21.22540434
 30.60647454
 88.46383175
 42.41903218
  7.81910839
  5.83059461
 99.19104783
 91.46353906
  5.14941187
 93.91142536
 63.36494020
 48.38119358
 83.95465932
 65.77889923
 16.70745574
 86.58965438
 28.55738968
 53.56271134
 39.15272608
 60.39676511
 64.81255305
 77.61686955
 59.86897495
 12.00906901
 59.65439963
 16.01322846
 48.71771871
 62.53313917
 28.86128033
 28.07675190
 54.42905033
 31.70694069
  0.91836441
 14.58049700
 42.93918929
 15.12934219
  5.36120644
  4.46559215
 25.30656495
 18.51790623
  2.95383555
 12.38642689
  2.62912668
  1.53554118
  6.32030871
 13.58580828
  3.04669567
 12.04154943
  3.31041281
  3.26441710
  5.65284833
  3.35900147
  1.04082537
  0.26011105
  0.00000000
 -0.36158058
 -2.62073361
 -3.81844253
