  0.69114807
  0.67790003
  0.66435234
  0.65051454
  0.63639723
  0.62201218
  0.60737225
  0.59249143
  0.57738484
  0.56206873
  0.54656045
  0.53087842
  0.51504215
  0.49907220
  0.48299013
  0.46681846
  0.45058066
  0.43430109
  0.41800493
  0.40171815
  0.38546740
  0.36928003
  0.35318393
  0.33720750
  0.32137956
  0.30572928
  0.29028607
  0.27507952
  0.26013927
  0.24549495
  0.23117608
  0.21721195
  0.20363154
  0.19046341
  0.17773562
  0.16547561
  0.15371010
  0.14246502
  0.13176538
  0.12163522
  0.11209747
  0.10317390
  0.09488503
  0.08725004
  0.08028672
  0.07401136
  0.06843872
  0.06358199
  0.05945267
  0.05606060
  0.05341386
  0.05151880
  0.05037994
  0.05000001
  0.05037994
  0.05151880
  0.05341386
  0.05606060
  0.05945267
  0.06358199
  0.06843872
  0.07401136
  0.08028672
  0.08725004
  0.09488503
  0.10317390
  0.11209747
  0.12163522
  0.13176538
  0.14246502
  0.15371010
  0.16547561
  0.17773562
  0.19046341
  0.20363154
  0.21721195
  0.23117608
  0.24549495
  0.26013927
  0.27507952
  0.29028607
  0.30572928
  0.32137956
  0.33720750
  0.35318393
  0.36928003
  0.38546740
  0.40171815
  0.41800493
  0.43430109
  0.45058066
  0.46681846
  0.48299013
  0.49907220
  0.51504215
  0.53087842
  0.54656045
  0.56206873
  0.57738484
  0.59249143
  0.60737225
  0.62201218
  0.63639723
  0.65051454
  0.66435234
  0.67790003
  0.69114807
