  0.18735037
  0.12530257
  0.06276027
 -0.00002971
 -0.06281958
 -0.12536153
 -0.18740875
 -0.24871637
 -0.30904243
 -0.36814887
 -0.42580241
 -0.48177555
 -0.53584737
 -0.58780448
 -0.63744185
 -0.68456357
 -0.72898368
 -0.77052688
 -0.80902922
 -0.84433875
 -0.87631613
 -0.90483515
 -0.92978327
 -0.95106203
 -0.96858745
 -0.98229037
 -0.99211671
 -0.99802770
 -1.00000000
 -0.99802583
 -0.99211299
 -0.98228480
 -0.96858006
 -0.95105284
 -0.92977233
 -0.90482250
 -0.87630181
 -0.84432283
 -0.80901175
 -0.77050794
 -0.72896334
 -0.68454191
 -0.63741895
 -0.58778044
 -0.53582228
 -0.48174951
 -0.42577553
 -0.36812124
 -0.30901417
 -0.24868758
 -0.18737956
 -0.12533205
 -0.06278993
  0.00000000
  0.06278993
  0.12533205
  0.18737956
  0.24868758
  0.30901417
  0.36812124
  0.42577553
  0.48174951
  0.53582228
  0.58778044
  0.63741895
  0.68454191
  0.72896334
  0.77050794
  0.80901175
  0.84432283
  0.87630181
  0.90482250
  0.92977233
  0.95105284
  0.96858006
  0.98228480
  0.99211299
  0.99802583
  1.00000000
  0.99802770
  0.99211671
  0.98229037
  0.96858745
  0.95106203
  0.92978327
  0.90483515
  0.87631613
  0.84433875
  0.80902922
  0.77052688
  0.72898368
  0.68456357
  0.63744185
  0.58780448
  0.53584737
  0.48177555
  0.42580241
  0.36814887
  0.30904243
  0.24871637
  0.18740875
  0.12536153
  0.06281958
  0.00002971
 -0.06276027
 -0.12530257
 -0.18735037
