 -3.20085040
 -2.13710570
 -0.87699241
  0.00000000
  0.29095438
  1.04805090
  1.04484694
  2.05606308
  3.44746877
  8.26878665
  7.88837439
  1.16721208
 12.30870631
 11.02901200
  7.79163679
  3.09068133
  1.38706654
  1.24652723
  3.72032844
 10.20257837
 14.57717557
 31.50764597
 14.55230389
 35.75322681
 19.58258231
 29.23702163
 12.68232559
 36.78207590
 33.26956031
 44.31645758
 53.68325558
 26.57864709
 40.70725473
 50.78571898
 34.43979698
  2.74193169
 41.74607738
 61.18726230
  2.67221540
 19.78328083
 49.28534611
 71.26645906
 43.14084162
 15.61510057
 38.48492606
 11.46296991
 28.06256668
 74.50815982
 94.32561185
 27.92723801
 71.91288926
 19.31066371
 36.00141836
  4.75094513
 39.27072552
 16.63002159
 91.76929574
 56.43269673
  9.62601667
 23.40833010
 84.63255959
 48.47284996
 64.65267930
 77.82123084
 60.93694215
 29.68209657
 68.25298686
  7.86776782
 26.20989263
 29.67400584
 50.59900346
 21.02864831
 32.34599029
 26.45034905
 14.65330223
 45.11451127
 25.84777810
 51.02812062
  6.13593086
 28.77471563
 20.18936769
  2.43876910
 17.60113605
 40.14701498
  1.23460404
 13.46750557
  8.24561602
 26.44023118
 23.40366259
 25.56821239
 16.82187409
 14.02469144
 19.67204704
 17.98335869
 16.03820363
 10.94959111
  1.57272796
  0.21728309
  7.00961323
  1.08601494
  3.05741982
  0.77653914
  0.54370857
  0.00000000
 -0.08855647
 -0.88060317
 -1.29621787
