 -0.13236500
 -0.10359983
 -0.01158065
  0.00000000
  0.07652119
  0.00415788
  0.13212378
  0.25375394
  0.65731660
  0.08668346
  0.24270643
  0.97409808
  0.59053395
  0.40061015
  0.44091746
  1.00823965
  0.58163359
  0.83604347
  2.35005431
  2.39309722
  2.34897539
  0.43201478
  0.16541694
  4.33668133
  4.69426445
  0.26596560
  3.05870938
  2.60758394
  1.18541888
  3.86669695
  2.25593584
  1.16402296
  2.66554221
  3.19195424
  0.08725803
  0.00023326
  0.39257707
  4.47961776
  7.05594849
  4.41884318
  5.80467032
  2.36773547
  5.55881934
  6.43390667
  6.14895661
  7.91554035
  6.12480670
  3.47139310
  1.44020976
  0.97548234
  7.17452573
  3.16414505
  1.56358553
  4.30870023
  6.34230389
  6.08945240
  6.28447638
  8.70534365
  2.32678478
  6.87046576
  8.88556416
  3.57815351
  5.92228250
  8.42731374
  2.24677351
  2.45407674
  3.36766184
  3.84475115
  3.31231920
  6.14981906
  0.48739443
  0.07197370
  7.17431397
  6.19805216
  0.87411836
  0.01168666
  0.81591768
  3.61059963
  5.30531042
  2.90151542
  3.02617282
  3.61997725
  0.86274845
  0.25832044
  1.78361716
  3.80472199
  0.39991476
  2.09211513
  0.78668372
  1.48670551
  0.63171856
  1.33059930
  0.23014484
  0.74605828
  0.65912693
  1.02301869
  0.52081878
  0.16146500
  0.14388601
  0.28459891
  0.28962977
  0.08019844
  0.12645605
  0.00000000
 -0.01907697
 -0.05412272
 -0.10737347
