 26.90489431
 26.34578275
 25.80861148
 25.29250773
 24.79664135
 24.32022271
 23.86250061
 23.42276036
 23.00032197
 22.59453843
 22.20479407
 21.83050306
 21.47110794
 21.12607828
 20.79490936
 20.47712101
 20.17225640
 19.87988099
 19.59958151
 19.33096500
 19.07365788
 18.82730509
 18.59156930
 18.36613013
 18.15068343
 17.94494060
 17.74862795
 17.56148610
 17.38326939
 17.21374538
 17.05269430
 16.89990862
 16.75519257
 16.61836177
 16.48924276
 16.36767273
 16.25349910
 16.14657923
 16.04678013
 15.95397819
 15.86805890
 15.78891663
 15.71645440
 15.65058372
 15.59122435
 15.53830421
 15.49175915
 15.45153289
 15.41757688
 15.38985021
 15.36831949
 15.35295885
 15.34374984
 15.34068140
 15.34374984
 15.35295885
 15.36831949
 15.38985021
 15.41757688
 15.45153289
 15.49175915
 15.53830421
 15.59122435
 15.65058372
 15.71645440
 15.78891663
 15.86805890
 15.95397819
 16.04678013
 16.14657923
 16.25349910
 16.36767273
 16.48924276
 16.61836177
 16.75519257
 16.89990862
 17.05269430
 17.21374538
 17.38326939
 17.56148610
 17.74862795
 17.94494060
 18.15068343
 18.36613013
 18.59156930
 18.82730509
 19.07365788
 19.33096500
 19.59958151
 19.87988099
 20.17225640
 20.47712101
 20.79490936
 21.12607828
 21.47110794
 21.83050306
 22.20479407
 22.59453843
 23.00032197
 23.42276036
 23.86250061
 24.32022271
 24.79664135
 25.29250773
 25.80861148
 26.34578275
 26.90489431
