  0.32036915
  0.21426741
  0.10732006
 -0.00005081
 -0.10742149
 -0.21436823
 -0.32046897
 -0.42530500
 -0.52846256
 -0.62953457
 -0.72812214
 -0.82383620
 -0.91629902
 -1.00514569
 -1.09002558
 -1.17060373
 -1.24656212
 -1.31760099
 -1.38344000
 -1.44381930
 -1.49850061
 -1.54726814
 -1.58992942
 -1.62631610
 -1.65628457
 -1.67971657
 -1.69651962
 -1.70662740
 -1.71000004
 -1.70662421
 -1.69651325
 -1.67970705
 -1.65627193
 -1.62630040
 -1.58991072
 -1.54724651
 -1.49847613
 -1.44379207
 -1.38341013
 -1.31756861
 -1.24652734
 -1.17056669
 -1.08998643
 -1.00510458
 -0.91625612
 -0.82379168
 -0.72807617
 -0.62948733
 -0.52841424
 -0.42525578
 -0.32041906
 -0.21431782
 -0.10737078
  0.00000000
  0.10737078
  0.21431782
  0.32041906
  0.42525578
  0.52841424
  0.62948733
  0.72807617
  0.82379168
  0.91625612
  1.00510458
  1.08998643
  1.17056669
  1.24652734
  1.31756861
  1.38341013
  1.44379207
  1.49847613
  1.54724651
  1.58991072
  1.62630040
  1.65627193
  1.67970705
  1.69651325
  1.70662421
  1.71000004
  1.70662740
  1.69651962
  1.67971657
  1.65628457
  1.62631610
  1.58992942
  1.54726814
  1.49850061
  1.44381930
  1.38344000
  1.31760099
  1.24656212
  1.17060373
  1.09002558
  1.00514569
  0.91629902
  0.82383620
  0.72812214
  0.62953457
  0.52846256
  0.42530500
  0.32046897
  0.21436823
  0.10742149
  0.00005081
 -0.10732006
 -0.21426741
 -0.32036915
