 -0.00004018
 -0.00002767
 -0.00001427
  0.00000000
  0.00001516
  0.00003119
  0.00004811
  0.00006589
  0.00008452
  0.00010400
  0.00012429
  0.00014538
  0.00016723
  0.00018983
  0.00021312
  0.00023707
  0.00026164
  0.00028678
  0.00031244
  0.00033856
  0.00036510
  0.00039198
  0.00041914
  0.00044651
  0.00047403
  0.00050163
  0.00052922
  0.00055674
  0.00058410
  0.00061123
  0.00063804
  0.00066446
  0.00069041
  0.00071580
  0.00074056
  0.00076460
  0.00078785
  0.00081024
  0.00083168
  0.00085211
  0.00087145
  0.00088965
  0.00090664
  0.00092236
  0.00093675
  0.00094977
  0.00096137
  0.00097151
  0.00098015
  0.00098726
  0.00099282
  0.00099680
  0.00099920
  0.00100000
  0.00099920
  0.00099680
  0.00099282
  0.00098726
  0.00098015
  0.00097151
  0.00096137
  0.00094977
  0.00093675
  0.00092236
  0.00090664
  0.00088965
  0.00087145
  0.00085211
  0.00083168
  0.00081024
  0.00078785
  0.00076460
  0.00074056
  0.00071580
  0.00069041
  0.00066446
  0.00063804
  0.00061123
  0.00058410
  0.00055674
  0.00052922
  0.00050163
  0.00047403
  0.00044651
  0.00041914
  0.00039198
  0.00036510
  0.00033856
  0.00031244
  0.00028678
  0.00026164
  0.00023707
  0.00021312
  0.00018983
  0.00016723
  0.00014538
  0.00012429
  0.00010400
  0.00008452
  0.00006589
  0.00004811
  0.00003119
  0.00001516
  0.00000000
 -0.00001427
 -0.00002767
 -0.00004018
