  0.01404524
  0.01346756
  0.01292397
  0.01241225
  0.01193033
  0.01147630
  0.01104838
  0.01064493
  0.01026442
  0.00990544
  0.00956666
  0.00924686
  0.00894490
  0.00865973
  0.00839036
  0.00813588
  0.00789543
  0.00766821
  0.00745350
  0.00725060
  0.00705886
  0.00687770
  0.00670654
  0.00654488
  0.00639223
  0.00624814
  0.00611218
  0.00598397
  0.00586313
  0.00574933
  0.00564225
  0.00554160
  0.00544710
  0.00535850
  0.00527555
  0.00519805
  0.00512578
  0.00505857
  0.00499623
  0.00493861
  0.00488556
  0.00483695
  0.00479265
  0.00475256
  0.00471658
  0.00468461
  0.00465659
  0.00463244
  0.00461210
  0.00459553
  0.00458268
  0.00457352
  0.00456804
  0.00456621
  0.00456804
  0.00457352
  0.00458268
  0.00459553
  0.00461210
  0.00463244
  0.00465659
  0.00468461
  0.00471658
  0.00475256
  0.00479265
  0.00483695
  0.00488556
  0.00493861
  0.00499623
  0.00505857
  0.00512578
  0.00519805
  0.00527555
  0.00535850
  0.00544710
  0.00554160
  0.00564225
  0.00574933
  0.00586313
  0.00598397
  0.00611218
  0.00624814
  0.00639223
  0.00654488
  0.00670654
  0.00687770
  0.00705886
  0.00725060
  0.00745350
  0.00766821
  0.00789543
  0.00813588
  0.00839036
  0.00865973
  0.00894490
  0.00924686
  0.00956666
  0.00990544
  0.01026442
  0.01064493
  0.01104838
  0.01147630
  0.01193033
  0.01241225
  0.01292397
  0.01346756
  0.01404524
