  0.59359920
  0.38225155
  0.16487569
 -0.05510031
 -0.27420736
 -0.48899009
 -0.69606129
 -0.89215539
 -1.07417994
 -1.23926435
 -1.38480519
 -1.50850724
 -1.60841967
 -1.68296685
 -1.73097314
 -1.75168146
 -1.74476524
 -1.71033355
 -1.64892938
 -1.56152111
 -1.44948718
 -1.31459441
 -1.15897008
 -0.98506845
 -0.79563200
 -0.59364819
 -0.38230238
 -0.16492754
  0.05504826
  0.27415593
  0.48894008
  0.69601349
  0.89211057
  1.07413879
  1.23922753
  1.38477327
  1.50848073
  1.60839899
  1.68295232
  1.73096499
  1.75167982
  1.74477014
  1.71034491
  1.64894702
  1.56154475
  1.44951645
  1.31462884
  1.15900915
  0.98511153
  0.79567840
  0.59369719
  0.38235320
  0.16497938
 -0.05499621
 -0.27410449
 -0.48889007
 -0.69596570
