 -0.00015102
 -0.00004711
 -0.00000484
  0.00000000
  0.00003440
  0.00005958
  0.00021476
  0.00008638
  0.00020786
  0.00024156
  0.00044469
  0.00020192
  0.00056044
  0.00037591
  0.00003479
  0.00068554
  0.00038097
  0.00045818
  0.00099296
  0.00087455
  0.00139666
  0.00070952
  0.00167379
  0.00004075
  0.00190900
  0.00127585
  0.00201211
  0.00054871
  0.00112207
  0.00035986
  0.00156680
  0.00202176
  0.00289004
  0.00127090
  0.00291713
  0.00122423
  0.00060415
  0.00065080
  0.00010476
  0.00325741
  0.00340489
  0.00076657
  0.00144343
  0.00044991
  0.00237216
  0.00004508
  0.00243016
  0.00385925
  0.00113625
  0.00494489
  0.00254094
  0.00052028
  0.00431463
  0.00200782
  0.00153105
  0.00483886
  0.00304604
  0.00115375
  0.00204191
  0.00002253
  0.00626952
  0.00056822
  0.00306729
  0.00599924
  0.00593926
  0.00421145
  0.00253411
  0.00534631
  0.00634375
  0.00528120
  0.00658242
  0.00312200
  0.00627001
  0.00244117
  0.00542569
  0.00588628
  0.00242055
  0.00372122
  0.00197100
  0.00189586
  0.00487499
  0.00611273
  0.00455460
  0.00508160
  0.00183447
  0.00253032
  0.00789031
  0.00052223
  0.00307461
  0.00173266
  0.00518021
  0.00310699
  0.00020704
  0.00319446
  0.00580923
  0.00307756
  0.00607942
  0.00704384
  0.00028423
  0.00766870
  0.00335718
  0.00111181
  0.00663244
  0.00937932
  0.00259022
  0.00528966
  0.00954818
  0.00571549
  0.00695928
  0.00546350
  0.00063362
  0.00152088
  0.00109187
  0.00373900
  0.00616398
  0.00257161
  0.00538510
  0.00903702
  0.00289900
  0.00894899
  0.00011822
  0.00824341
  0.00360247
  0.00805849
  0.00617885
  0.00149759
  0.00772341
  0.00049671
  0.00853233
  0.00450778
  0.00092272
  0.00772530
  0.00032362
  0.00176863
  0.00243338
  0.00301368
  0.00346324
  0.00478227
  0.00038728
  0.00716406
  0.00646523
  0.00520596
  0.00183654
  0.00146005
  0.00268578
  0.00443459
  0.00437906
  0.00183285
  0.00166886
  0.00053493
  0.00303904
  0.00265179
  0.00178156
  0.00409307
  0.00283188
  0.00145882
  0.00448840
  0.00400139
  0.00316916
  0.00286061
  0.00443266
  0.00306461
  0.00255116
  0.00209541
  0.00091701
  0.00281065
  0.00021591
  0.00294136
  0.00281789
  0.00362152
  0.00093067
  0.00148624
  0.00037134
  0.00253716
  0.00139296
  0.00084859
  0.00196971
  0.00104133
  0.00219946
  0.00182926
  0.00214533
  0.00048798
  0.00052452
  0.00065696
  0.00170392
  0.00081313
  0.00016503
  0.00056551
  0.00061541
  0.00102392
  0.00046130
  0.00083699
  0.00092454
  0.00073477
  0.00003334
  0.00060299
  0.00006508
  0.00009663
  0.00014542
  0.00008011
  0.00008018
  0.00007357
  0.00006295
 -0.00000000
 -0.00003537
 -0.00012471
 -0.00009883
