   4.9999998736893758E-002
   9.9999997473787516E-002
  0.14999999621068127     
  0.19999999494757503     
  0.24999999368446879     
  0.29999999242136255     
  0.34999999115825631     
  0.39999998989515007     
  0.44999998863204382     
  0.49999998736893758     
  0.54999998610583134     
  0.59999998484272510     
  0.64999998357961886     
  0.69999998231651261     
  0.74999998105340637     
  0.79999997979030013     
  0.84999997852719389     
  0.89999997726408765     
  0.94999997600098141     
  0.99999997473787516     
   1.0499999734747689     
   1.0999999722116627     
   1.1499999709485564     
   1.1999999696854502     
   1.2499999684223440     
   1.2999999671592377     
   1.3499999658961315     
   1.3999999646330252     
   1.4499999633699190     
   1.4999999621068127     
   1.5499999608437065     
   1.5999999595806003     
   1.6499999583174940     
   1.6999999570543878     
   1.7499999557912815     
   1.7999999545281753     
   1.8499999532650691     
   1.8999999520019628     
   1.9499999507388566     
   1.9999999494757503     
   2.0499999482126441     
   2.0999999469495378     
   2.1499999456864316     
   2.1999999444233254     
   2.2499999431602191     
   2.2999999418971129     
   2.3499999406340066     
   2.3999999393709004     
   2.4499999381077942     
   2.4999999368446879     
   2.5499999355815817     
   2.5999999343184754     
   2.6499999330553692     
   2.6999999317922629     
   2.7499999305291567     
   2.7999999292660505     
   2.8499999280029442     
   2.8999999267398380     
   2.9499999254767317     
   2.9999999242136255     
   3.0499999229505192     
   3.0999999216874130     
   3.1499999204243068     
   3.1999999191612005     
   3.2499999178980943     
   3.2999999166349880     
   3.3499999153718818     
   3.3999999141087756     
   3.4499999128456693     
   3.4999999115825631     
   3.5499999103194568     
   3.5999999090563506     
   3.6499999077932443     
   3.6999999065301381     
   3.7499999052670319     
   3.7999999040039256     
   3.8499999027408194     
   3.8999999014777131     
   3.9499999002146069     
   3.9999998989515007     
   4.0499998976883944     
   4.0999998964252882     
   4.1499998951621819     
   4.1999998938990757     
   4.2499998926359694     
   4.2999998913728632     
   4.3499998901097570     
   4.3999998888466507     
   4.4499998875835445     
   4.4999998863204382     
   4.5499998850573320     
   4.5999998837942258     
   4.6499998825311195     
   4.6999998812680133     
   4.7499998800049070     
   4.7999998787418008     
   4.8499998774786945     
   4.8999998762155883     
   4.9499998749524821     
   4.9999998736893758     
   5.0499998724262696     
   5.0999998711631633     
   5.1499998699000571     
   5.1999998686369509     
   5.2499998673738446     
   5.2999998661107384     
   5.3499998648476321     
   5.3999998635845259     
   5.4499998623214196     
   5.4999998610583134     
   5.5499998597952072     
   5.5999998585321009     
   5.6499998572689947     
   5.6999998560058884     
   5.7499998547427822     
   5.7999998534796759     
   5.8499998522165697     
   5.8999998509534635     
   5.9499998496903572     
   5.9999998484272510     
   6.0499998471641447     
   6.0999998459010385     
   6.1499998446379323     
   6.1999998433748260     
   6.2499998421117198     
   6.2999998408486135     
   6.3499998395855073     
   6.3999998383224010     
   6.4499998370592948     
   6.4999998357961886     
   6.5499998345330823     
   6.5999998332699761     
   6.6499998320068698     
   6.6999998307437636     
   6.7499998294806574     
   6.7999998282175511     
   6.8499998269544449     
   6.8999998256913386     
   6.9499998244282324     
   6.9999998231651261     
   7.0499998219020199     
   7.0999998206389137     
   7.1499998193758074     
   7.1999998181127012     
   7.2499998168495949     
   7.2999998155864887     
   7.3499998143233825     
   7.3999998130602762     
   7.4499998117971700     
   7.4999998105340637     
   7.5499998092709575     
   7.5999998080078512     
   7.6499998067447450     
   7.6999998054816388     
   7.7499998042185325     
   7.7999998029554263     
   7.8499998016923200     
   7.8999998004292138     
   7.9499997991661076     
   7.9999997979030013     
   8.0499997966398951     
   8.0999997953767888     
   8.1499997941136826     
   8.1999997928505763     
   8.2499997915874701     
   8.2999997903243639     
   8.3499997890612576     
   8.3999997877981514     
   8.4499997865350451     
   8.4999997852719389     
   8.5499997840088326     
   8.5999997827457264     
   8.6499997814826202     
   8.6999997802195139     
   8.7499997789564077     
   8.7999997776933014     
   8.8499997764301952     
   8.8999997751670890     
   8.9499997739039827     
   8.9999997726408765     
   9.0499997713777702     
   9.0999997701146640     
   9.1499997688515577     
   9.1999997675884515     
   9.2499997663253453     
   9.2999997650622390     
   9.3499997637991328     
   9.3999997625360265     
   9.4499997612729203     
   9.4999997600098141     
   9.5499997587467078     
   9.5999997574836016     
   9.6499997562204953     
   9.6999997549573891     
   9.7499997536942828     
   9.7999997524311766     
   9.8499997511680704     
   9.8999997499049641     
   9.9499997486418579     
   9.9999997473787516     
   10.049999746115645     
   10.099999744852539     
   10.149999743589433     
   10.199999742326327     
   10.249999741063220     
   10.299999739800114     
   10.349999738537008     
   10.399999737273902     
   10.449999736010795     
   10.499999734747689     
   10.549999733484583     
   10.599999732221477     
   10.649999730958370     
   10.699999729695264     
   10.749999728432158     
   10.799999727169052     
   10.849999725905946     
   10.899999724642839     
   10.949999723379733     
   10.999999722116627     
   11.049999720853521     
   11.099999719590414     
   11.149999718327308     
   11.199999717064202     
   11.249999715801096     
   11.299999714537989     
   11.349999713274883     
   11.399999712011777     
   11.449999710748671     
   11.499999709485564     
   11.549999708222458     
   11.599999706959352     
   11.649999705696246     
   11.699999704433139     
   11.749999703170033     
   11.799999701906927     
   11.849999700643821     
   11.899999699380714     
   11.949999698117608     
   11.999999696854502     
   12.049999695591396     
   12.099999694328289     
   12.149999693065183     
   12.199999691802077     
   12.249999690538971     
   12.299999689275865     
   12.349999688012758     
   12.399999686749652     
   12.449999685486546     
   12.499999684223440     
   12.549999682960333     
   12.599999681697227     
   12.649999680434121     
   12.699999679171015     
   12.749999677907908     
   12.799999676644802     
   12.849999675381696     
   12.899999674118590     
   12.949999672855483     
   12.999999671592377     
   13.049999670329271     
   13.099999669066165     
   13.149999667803058     
   13.199999666539952     
   13.249999665276846     
   13.299999664013740     
   13.349999662750633     
   13.399999661487527     
   13.449999660224421     
   13.499999658961315     
   13.549999657698208     
   13.599999656435102     
   13.649999655171996     
   13.699999653908890     
   13.749999652645783     
   13.799999651382677     
   13.849999650119571     
   13.899999648856465     
   13.949999647593359     
   13.999999646330252     
   14.049999645067146     
   14.099999643804040     
   14.149999642540934     
   14.199999641277827     
   14.249999640014721     
   14.299999638751615     
   14.349999637488509     
   14.399999636225402     
   14.449999634962296     
   14.499999633699190     
   14.549999632436084     
   14.599999631172977     
   14.649999629909871     
   14.699999628646765     
   14.749999627383659     
   14.799999626120552     
   14.849999624857446     
   14.899999623594340     
   14.949999622331234     
   14.999999621068127     
   15.049999619805021     
   15.099999618541915     
   15.149999617278809     
   15.199999616015702     
   15.249999614752596     
   15.299999613489490     
   15.349999612226384     
   15.399999610963278     
   15.449999609700171     
   15.499999608437065     
   15.549999607173959     
   15.599999605910853     
   15.649999604647746     
   15.699999603384640     
   15.749999602121534     
   15.799999600858428     
   15.849999599595321     
   15.899999598332215     
   15.949999597069109     
   15.999999595806003     
   16.049999594542896     
   16.099999593279790     
   16.149999592016684     
   16.199999590753578     
   16.249999589490471     
   16.299999588227365     
   16.349999586964259     
   16.399999585701153     
   16.449999584438046     
   16.499999583174940     
   16.549999581911834     
   16.599999580648728     
   16.649999579385621     
   16.699999578122515     
   16.749999576859409     
   16.799999575596303     
   16.849999574333197     
   16.899999573070090     
   16.949999571806984     
   16.999999570543878     
   17.049999569280772     
   17.099999568017665     
   17.149999566754559     
   17.199999565491453     
   17.249999564228347     
   17.299999562965240     
   17.349999561702134     
   17.399999560439028     
   17.449999559175922     
   17.499999557912815     
   17.549999556649709     
   17.599999555386603     
   17.649999554123497     
   17.699999552860390     
   17.749999551597284     
   17.799999550334178     
   17.849999549071072     
   17.899999547807965     
   17.949999546544859     
   17.999999545281753     
   18.049999544018647     
   18.099999542755540     
   18.149999541492434     
   18.199999540229328     
   18.249999538966222     
   18.299999537703115     
   18.349999536440009     
   18.399999535176903     
   18.449999533913797     
   18.499999532650691     
   18.549999531387584     
   18.599999530124478     
   18.649999528861372     
   18.699999527598266     
   18.749999526335159     
   18.799999525072053     
   18.849999523808947     
   18.899999522545841     
   18.949999521282734     
   18.999999520019628     
   19.049999518756522     
   19.099999517493416     
   19.149999516230309     
   19.199999514967203     
   19.249999513704097     
   19.299999512440991     
   19.349999511177884     
   19.399999509914778     
   19.449999508651672     
   19.499999507388566     
   19.549999506125459     
   19.599999504862353     
   19.649999503599247     
   19.699999502336141     
   19.749999501073034     
   19.799999499809928     
   19.849999498546822     
   19.899999497283716     
   19.949999496020610     
   19.999999494757503     
   20.049999493494397     
   20.099999492231291     
   20.149999490968185     
   20.199999489705078     
   20.249999488441972     
   20.299999487178866     
   20.349999485915760     
   20.399999484652653     
   20.449999483389547     
   20.499999482126441     
   20.549999480863335     
   20.599999479600228     
   20.649999478337122     
   20.699999477074016     
   20.749999475810910     
   20.799999474547803     
   20.849999473284697     
   20.899999472021591     
   20.949999470758485     
   20.999999469495378     
   21.049999468232272     
   21.099999466969166     
   21.149999465706060     
   21.199999464442953     
   21.249999463179847     
   21.299999461916741     
   21.349999460653635     
   21.399999459390529     
   21.449999458127422     
   21.499999456864316     
   21.549999455601210     
   21.599999454338104     
   21.649999453074997     
   21.699999451811891     
   21.749999450548785     
   21.799999449285679     
   21.849999448022572     
   21.899999446759466     
   21.949999445496360     
   21.999999444233254     
   22.049999442970147     
   22.099999441707041     
   22.149999440443935     
   22.199999439180829     
   22.249999437917722     
   22.299999436654616     
   22.349999435391510     
   22.399999434128404     
   22.449999432865297     
   22.499999431602191     
   22.549999430339085     
   22.599999429075979     
   22.649999427812872     
   22.699999426549766     
   22.749999425286660     
   22.799999424023554     
   22.849999422760447     
   22.899999421497341     
   22.949999420234235     
   22.999999418971129     
   23.049999417708023     
   23.099999416444916     
   23.149999415181810     
   23.199999413918704     
   23.249999412655598     
   23.299999411392491     
   23.349999410129385     
   23.399999408866279     
   23.449999407603173     
   23.499999406340066     
   23.549999405076960     
   23.599999403813854     
   23.649999402550748     
   23.699999401287641     
   23.749999400024535     
   23.799999398761429     
   23.849999397498323     
   23.899999396235216     
   23.949999394972110     
   23.999999393709004     
   24.049999392445898     
   24.099999391182791     
   24.149999389919685     
   24.199999388656579     
   24.249999387393473     
   24.299999386130366     
   24.349999384867260     
   24.399999383604154     
   24.449999382341048     
   24.499999381077942     
   24.549999379814835     
   24.599999378551729     
   24.649999377288623     
   24.699999376025517     
   24.749999374762410     
   24.799999373499304     
   24.849999372236198     
   24.899999370973092     
   24.949999369709985     
   24.999999368446879     
