 -0.50994173
 -0.03058472
 -1.01922614
  0.00000000
  0.10306554
  1.49799787
  4.08869240
  2.40072587
  0.03436355
  5.93169719
  6.18633326
 14.28848507
  8.59975630
 10.72812566
 15.59776360
  7.02784538
  1.19948461
 26.94987668
 13.49878487
 24.45549918
 35.17971261
  8.73856922
 38.30969458
  1.76786565
 31.46598741
 31.18268521
 16.37171440
 46.91048337
 51.27823666
 18.60897681
 50.95758342
 14.70718979
 55.78723560
 64.61734578
 43.30538356
 27.25450446
 62.92981407
 68.54700036
 13.65107566
 51.14802179
 69.35853221
 86.62813085
  2.55952220
 57.51048301
 75.88754619
 78.45503341
 58.11396516
 48.05230643
 54.01942641
 69.35136909
 26.89040834
 36.21475664
 12.00517550
 59.34214114
 63.66595692
 84.81064358
 70.38943685
 82.41332420
 38.84261637
  4.24166090
  0.62117698
 43.50547448
 41.13225493
 86.05096830
 53.84138785
  4.65629940
 87.09038653
 51.91675681
 68.17591769
 42.44619402
 48.36619173
 55.12308527
 39.57566714
 54.93595659
 35.04615161
 30.77886357
 44.85564269
 56.14745318
 53.43715843
  6.13931961
 36.43789196
 20.78666732
 24.08109572
 39.91859837
 37.16639830
  4.30364573
 21.77953148
 19.94516274
  1.75951950
  4.08820969
 13.04691652
  6.66049563
 20.61944556
 18.58436299
 11.16221632
  2.89422844
  5.74915398
  0.40883430
  8.31133446
  6.24603061
  1.67926114
  2.15096636
  0.77042429
  0.00000000
 -1.07060674
 -2.04982114
 -2.72707994
