   9.9999997473787516E-002
  0.19999999494757503     
  0.29999999242136255     
  0.39999998989515007     
  0.49999998736893758     
  0.59999998484272510     
  0.69999998231651261     
  0.79999997979030013     
  0.89999997726408765     
  0.99999997473787516     
   1.0999999722116627     
   1.1999999696854502     
   1.2999999671592377     
   1.3999999646330252     
   1.4999999621068127     
   1.5999999595806003     
   1.6999999570543878     
   1.7999999545281753     
   1.8999999520019628     
   1.9999999494757503     
   2.0999999469495378     
   2.1999999444233254     
   2.2999999418971129     
   2.3999999393709004     
   2.4999999368446879     
   2.5999999343184754     
   2.6999999317922629     
   2.7999999292660505     
   2.8999999267398380     
   2.9999999242136255     
   3.0999999216874130     
   3.1999999191612005     
   3.2999999166349880     
   3.3999999141087756     
   3.4999999115825631     
   3.5999999090563506     
   3.6999999065301381     
   3.7999999040039256     
   3.8999999014777131     
   3.9999998989515007     
   4.0999998964252882     
   4.1999998938990757     
   4.2999998913728632     
   4.3999998888466507     
   4.4999998863204382     
   4.5999998837942258     
   4.6999998812680133     
   4.7999998787418008     
   4.8999998762155883     
   4.9999998736893758     
   5.0999998711631633     
   5.1999998686369509     
   5.2999998661107384     
   5.3999998635845259     
   5.4999998610583134     
   5.5999998585321009     
   5.6999998560058884     
   5.7999998534796759     
   5.8999998509534635     
   5.9999998484272510     
   6.0999998459010385     
   6.1999998433748260     
   6.2999998408486135     
   6.3999998383224010     
   6.4999998357961886     
   6.5999998332699761     
   6.6999998307437636     
   6.7999998282175511     
   6.8999998256913386     
   6.9999998231651261     
   7.0999998206389137     
   7.1999998181127012     
   7.2999998155864887     
   7.3999998130602762     
   7.4999998105340637     
   7.5999998080078512     
   7.6999998054816388     
   7.7999998029554263     
   7.8999998004292138     
   7.9999997979030013     
   8.0999997953767888     
   8.1999997928505763     
   8.2999997903243639     
   8.3999997877981514     
   8.4999997852719389     
   8.5999997827457264     
   8.6999997802195139     
   8.7999997776933014     
   8.8999997751670890     
   8.9999997726408765     
   9.0999997701146640     
   9.1999997675884515     
   9.2999997650622390     
   9.3999997625360265     
   9.4999997600098141     
   9.5999997574836016     
   9.6999997549573891     
   9.7999997524311766     
   9.8999997499049641     
   9.9999997473787516     
   10.099999744852539     
   10.199999742326327     
   10.299999739800114     
   10.399999737273902     
   10.499999734747689     
   10.599999732221477     
   10.699999729695264     
   10.799999727169052     
   10.899999724642839     
   10.999999722116627     
   11.099999719590414     
   11.199999717064202     
   11.299999714537989     
   11.399999712011777     
   11.499999709485564     
   11.599999706959352     
   11.699999704433139     
   11.799999701906927     
   11.899999699380714     
   11.999999696854502     
   12.099999694328289     
   12.199999691802077     
   12.299999689275865     
   12.399999686749652     
   12.499999684223440     
   12.599999681697227     
   12.699999679171015     
   12.799999676644802     
   12.899999674118590     
   12.999999671592377     
   13.099999669066165     
   13.199999666539952     
   13.299999664013740     
   13.399999661487527     
   13.499999658961315     
   13.599999656435102     
   13.699999653908890     
   13.799999651382677     
   13.899999648856465     
   13.999999646330252     
   14.099999643804040     
   14.199999641277827     
   14.299999638751615     
   14.399999636225402     
   14.499999633699190     
   14.599999631172977     
   14.699999628646765     
   14.799999626120552     
   14.899999623594340     
   14.999999621068127     
   15.099999618541915     
   15.199999616015702     
   15.299999613489490     
   15.399999610963278     
   15.499999608437065     
   15.599999605910853     
   15.699999603384640     
   15.799999600858428     
   15.899999598332215     
   15.999999595806003     
   16.099999593279790     
   16.199999590753578     
   16.299999588227365     
   16.399999585701153     
   16.499999583174940     
   16.599999580648728     
   16.699999578122515     
   16.799999575596303     
   16.899999573070090     
   16.999999570543878     
   17.099999568017665     
   17.199999565491453     
   17.299999562965240     
   17.399999560439028     
   17.499999557912815     
   17.599999555386603     
   17.699999552860390     
   17.799999550334178     
   17.899999547807965     
   17.999999545281753     
   18.099999542755540     
   18.199999540229328     
   18.299999537703115     
   18.399999535176903     
   18.499999532650691     
   18.599999530124478     
   18.699999527598266     
   18.799999525072053     
   18.899999522545841     
   18.999999520019628     
   19.099999517493416     
   19.199999514967203     
   19.299999512440991     
   19.399999509914778     
   19.499999507388566     
   19.599999504862353     
   19.699999502336141     
   19.799999499809928     
   19.899999497283716     
   19.999999494757503     
   20.099999492231291     
   20.199999489705078     
   20.299999487178866     
   20.399999484652653     
   20.499999482126441     
   20.599999479600228     
   20.699999477074016     
   20.799999474547803     
   20.899999472021591     
   20.999999469495378     
   21.099999466969166     
   21.199999464442953     
   21.299999461916741     
   21.399999459390529     
   21.499999456864316     
   21.599999454338104     
   21.699999451811891     
   21.799999449285679     
   21.899999446759466     
   21.999999444233254     
   22.099999441707041     
   22.199999439180829     
   22.299999436654616     
   22.399999434128404     
   22.499999431602191     
   22.599999429075979     
   22.699999426549766     
   22.799999424023554     
   22.899999421497341     
   22.999999418971129     
   23.099999416444916     
   23.199999413918704     
   23.299999411392491     
   23.399999408866279     
   23.499999406340066     
   23.599999403813854     
   23.699999401287641     
   23.799999398761429     
   23.899999396235216     
   23.999999393709004     
   24.099999391182791     
   24.199999388656579     
   24.299999386130366     
   24.399999383604154     
   24.499999381077942     
   24.599999378551729     
   24.699999376025517     
   24.799999373499304     
   24.899999370973092     
   24.999999368446879     
   25.099999365920667     
   25.199999363394454     
   25.299999360868242     
   25.399999358342029     
   25.499999355815817     
   25.599999353289604     
   25.699999350763392     
   25.799999348237179     
   25.899999345710967     
   25.999999343184754     
   26.099999340658542     
   26.199999338132329     
   26.299999335606117     
   26.399999333079904     
   26.499999330553692     
   26.599999328027479     
   26.699999325501267     
   26.799999322975054     
   26.899999320448842     
   26.999999317922629     
   27.099999315396417     
   27.199999312870204     
   27.299999310343992     
   27.399999307817779     
   27.499999305291567     
   27.599999302765355     
   27.699999300239142     
   27.799999297712930     
   27.899999295186717     
   27.999999292660505     
   28.099999290134292     
   28.199999287608080     
   28.299999285081867     
   28.399999282555655     
   28.499999280029442     
   28.599999277503230     
   28.699999274977017     
   28.799999272450805     
   28.899999269924592     
   28.999999267398380     
   29.099999264872167     
   29.199999262345955     
   29.299999259819742     
   29.399999257293530     
   29.499999254767317     
   29.599999252241105     
   29.699999249714892     
   29.799999247188680     
   29.899999244662467     
   29.999999242136255     
   30.099999239610042     
   30.199999237083830     
   30.299999234557617     
   30.399999232031405     
   30.499999229505192     
   30.599999226978980     
   30.699999224452768     
   30.799999221926555     
   30.899999219400343     
   30.999999216874130     
   31.099999214347918     
   31.199999211821705     
   31.299999209295493     
   31.399999206769280     
   31.499999204243068     
   31.599999201716855     
   31.699999199190643     
   31.799999196664430     
   31.899999194138218     
   31.999999191612005     
   32.099999189085793     
   32.199999186559580     
   32.299999184033368     
   32.399999181507155     
   32.499999178980943     
   32.599999176454730     
   32.699999173928518     
   32.799999171402305     
   32.899999168876093     
   32.999999166349880     
   33.099999163823668     
   33.199999161297455     
   33.299999158771243     
   33.399999156245030     
   33.499999153718818     
   33.599999151192605     
   33.699999148666393     
   33.799999146140181     
   33.899999143613968     
   33.999999141087756     
   34.099999138561543     
   34.199999136035331     
   34.299999133509118     
   34.399999130982906     
   34.499999128456693     
   34.599999125930481     
   34.699999123404268     
   34.799999120878056     
   34.899999118351843     
   34.999999115825631     
   35.099999113299418     
   35.199999110773206     
   35.299999108246993     
   35.399999105720781     
   35.499999103194568     
   35.599999100668356     
   35.699999098142143     
   35.799999095615931     
   35.899999093089718     
   35.999999090563506     
   36.099999088037293     
   36.199999085511081     
   36.299999082984868     
   36.399999080458656     
   36.499999077932443     
   36.599999075406231     
   36.699999072880019     
   36.799999070353806     
   36.899999067827594     
   36.999999065301381     
   37.099999062775169     
   37.199999060248956     
   37.299999057722744     
   37.399999055196531     
   37.499999052670319     
   37.599999050144106     
   37.699999047617894     
   37.799999045091681     
   37.899999042565469     
   37.999999040039256     
   38.099999037513044     
   38.199999034986831     
   38.299999032460619     
   38.399999029934406     
   38.499999027408194     
   38.599999024881981     
   38.699999022355769     
   38.799999019829556     
   38.899999017303344     
   38.999999014777131     
   39.099999012250919     
   39.199999009724706     
   39.299999007198494     
   39.399999004672281     
   39.499999002146069     
   39.599998999619856     
   39.699998997093644     
   39.799998994567432     
   39.899998992041219     
   39.999998989515007     
   40.099998986988794     
   40.199998984462582     
   40.299998981936369     
   40.399998979410157     
   40.499998976883944     
   40.599998974357732     
   40.699998971831519     
   40.799998969305307     
   40.899998966779094     
   40.999998964252882     
   41.099998961726669     
   41.199998959200457     
   41.299998956674244     
   41.399998954148032     
   41.499998951621819     
   41.599998949095607     
   41.699998946569394     
   41.799998944043182     
   41.899998941516969     
   41.999998938990757     
   42.099998936464544     
   42.199998933938332     
   42.299998931412119     
   42.399998928885907     
   42.499998926359694     
   42.599998923833482     
   42.699998921307269     
   42.799998918781057     
   42.899998916254845     
   42.999998913728632     
   43.099998911202420     
   43.199998908676207     
   43.299998906149995     
   43.399998903623782     
   43.499998901097570     
   43.599998898571357     
   43.699998896045145     
   43.799998893518932     
   43.899998890992720     
   43.999998888466507     
   44.099998885940295     
   44.199998883414082     
   44.299998880887870     
   44.399998878361657     
   44.499998875835445     
   44.599998873309232     
   44.699998870783020     
   44.799998868256807     
   44.899998865730595     
   44.999998863204382     
   45.099998860678170     
   45.199998858151957     
   45.299998855625745     
   45.399998853099532     
   45.499998850573320     
   45.599998848047107     
   45.699998845520895     
   45.799998842994682     
   45.899998840468470     
   45.999998837942258     
   46.099998835416045     
   46.199998832889833     
   46.299998830363620     
   46.399998827837408     
   46.499998825311195     
   46.599998822784983     
   46.699998820258770     
   46.799998817732558     
   46.899998815206345     
   46.999998812680133     
   47.099998810153920     
   47.199998807627708     
   47.299998805101495     
   47.399998802575283     
   47.499998800049070     
   47.599998797522858     
   47.699998794996645     
   47.799998792470433     
   47.899998789944220     
   47.999998787418008     
   48.099998784891795     
   48.199998782365583     
   48.299998779839370     
   48.399998777313158     
   48.499998774786945     
   48.599998772260733     
   48.699998769734520     
   48.799998767208308     
   48.899998764682095     
   48.999998762155883     
   49.099998759629671     
   49.199998757103458     
   49.299998754577246     
   49.399998752051033     
   49.499998749524821     
   49.599998746998608     
   49.699998744472396     
   49.799998741946183     
   49.899998739419971     
   49.999998736893758     
