 -0.00000040
 -0.00000018
 -0.00000009
  0.00000000
  0.00000014
  0.00000015
  0.00000033
  0.00000038
  0.00000061
  0.00000048
  0.00000013
  0.00000071
  0.00000069
  0.00000032
  0.00000127
  0.00000204
  0.00000237
  0.00000263
  0.00000109
  0.00000338
  0.00000310
  0.00000318
  0.00000290
  0.00000160
  0.00000188
  0.00000133
  0.00000227
  0.00000374
  0.00000017
  0.00000484
  0.00000239
  0.00000219
  0.00000532
  0.00000079
  0.00000165
  0.00000229
  0.00000416
  0.00000744
  0.00000701
  0.00000722
  0.00000660
  0.00000809
  0.00000020
  0.00000083
  0.00000330
  0.00000111
  0.00000527
  0.00000021
  0.00000185
  0.00000713
  0.00000174
  0.00000741
  0.00000739
  0.00000484
  0.00000023
  0.00000659
  0.00000505
  0.00000126
  0.00000568
  0.00000281
  0.00000549
  0.00000315
  0.00000508
  0.00000168
  0.00000355
  0.00000720
  0.00000811
  0.00000733
  0.00000467
  0.00000557
  0.00000534
  0.00000420
  0.00000573
  0.00000417
  0.00000122
  0.00000175
  0.00000585
  0.00000008
  0.00000040
  0.00000162
  0.00000337
  0.00000213
  0.00000079
  0.00000055
  0.00000122
  0.00000032
  0.00000214
  0.00000225
  0.00000067
  0.00000250
  0.00000155
  0.00000152
  0.00000200
  0.00000093
  0.00000035
  0.00000023
  0.00000026
  0.00000081
  0.00000066
  0.00000064
  0.00000003
  0.00000027
  0.00000012
  0.00000000
 -0.00000009
 -0.00000007
 -0.00000009
