 -3.11439850
 -1.55479563
 -0.11472050
  0.00000000
  0.17882879
  1.20633947
  3.30649961
  0.48636761
  1.90356732
 10.20983704
  5.61103727
 12.77988149
  1.84249699
 13.22713420
 15.90830256
 10.24842744
 18.63696613
 26.83780052
 15.49840869
 33.22149091
 32.22774186
 33.25317413
 20.05184043
 22.80099922
 21.78219217
 31.62195805
 43.10969241
 44.08548579
 37.29324576
 52.69726139
 60.20500630
 64.61615199
 60.72721279
 16.04541401
 44.34465414
 43.54364461
 62.61198130
 16.56928073
 23.91666809
 27.19734121
 16.59994632
 88.29869889
 53.64617273
 81.75858810
 68.82377894
 86.45134617
  5.67921778
 72.45110036
  9.28371847
 81.33906982
 18.68362663
 69.58489575
 18.59536599
 34.41009461
 17.85667907
  2.50643682
 20.70204583
 77.39765957
 91.23124527
 40.90324379
 68.52053392
 94.77207580
 15.42991604
 16.60877629
 36.51377812
  6.32622793
 83.16770488
  7.55489025
 42.01256259
 46.33684336
 46.81600479
 34.51231564
 66.62222211
 11.89481667
 62.31075135
  0.50776698
  7.82647729
 44.40578789
 17.15828599
 35.21374453
 48.87412943
 19.17849418
 41.44203534
 12.61275456
 32.88855670
 10.22825204
 31.22714411
 24.81189940
 28.95215679
 18.96534336
 11.16782118
  5.15368274
 16.02702034
  5.17746615
 16.55111224
 14.51509456
  9.98764105
  3.92973726
  8.41788521
  0.83414549
  0.19147043
  1.54758101
  0.83764822
  0.00000000
 -1.26386473
 -2.21890960
 -1.47294420
