  0.37631137
  0.25104108
  0.12552305
 -0.00011886
 -0.12576065
 -0.25127833
 -0.37654804
 -0.50144614
 -0.62584939
 -0.74963501
 -0.87268084
 -0.99486546
 -1.11606829
 -1.23616972
 -1.35505121
 -1.47259546
 -1.58868647
 -1.70320966
 -1.81605202
 -1.92710219
 -2.03625058
 -2.14338947
 -2.24841314
 -2.35121794
 -2.45170241
 -2.54976739
 -2.64531611
 -2.73825427
 -2.82849016
 -2.91593472
 -3.00050166
 -3.08210752
 -3.16067177
 -3.23611688
 -3.30836839
 -3.37735501
 -3.44300865
 -3.50526451
 -3.56406117
 -3.61934060
 -3.67104824
 -3.71913307
 -3.76354764
 -3.80424810
 -3.84119431
 -3.87434979
 -3.90368183
 -3.92916147
 -3.95076359
 -3.96846685
 -3.98225379
 -3.99211079
 -3.99802815
 -4.00000000
 -3.99802441
 -3.99210333
 -3.98224260
 -3.96845195
 -3.95074499
 -3.92913920
 -3.90365590
 -3.87432023
 -3.84116115
 -3.80421137
 -3.76350737
 -3.71908932
 -3.67100104
 -3.61928999
 -3.56400721
 -3.50520725
 -3.44294814
 -3.37729132
 -3.30830159
 -3.23604702
 -3.16059892
 -3.08203176
 -3.00042306
 -2.91585335
 -2.82840611
 -2.73816763
 -2.64522695
 -2.54967581
 -2.45160849
 -2.35112178
 -2.24831483
 -2.14328912
 -2.03614827
 -1.92699803
 -1.81594611
 -1.70310211
 -1.58857738
 -1.47248495
 -1.35493938
 -1.23605667
 -1.11595415
 -0.99475034
 -0.87256485
 -0.74951825
 -0.62573199
 -0.50132822
 -0.37642970
 -0.25115971
 -0.12564185
  0.00000000
  0.12564185
  0.25115971
  0.37642970
  0.50132822
  0.62573199
  0.74951825
  0.87256485
  0.99475034
  1.11595415
  1.23605667
  1.35493938
  1.47248495
  1.58857738
  1.70310211
  1.81594611
  1.92699803
  2.03614827
  2.14328912
  2.24831483
  2.35112178
  2.45160849
  2.54967581
  2.64522695
  2.73816763
  2.82840611
  2.91585335
  3.00042306
  3.08203176
  3.16059892
  3.23604702
  3.30830159
  3.37729132
  3.44294814
  3.50520725
  3.56400721
  3.61928999
  3.67100104
  3.71908932
  3.76350737
  3.80421137
  3.84116115
  3.87432023
  3.90365590
  3.92913920
  3.95074499
  3.96845195
  3.98224260
  3.99210333
  3.99802441
  4.00000000
  3.99802815
  3.99211079
  3.98225379
  3.96846685
  3.95076359
  3.92916147
  3.90368183
  3.87434979
  3.84119431
  3.80424810
  3.76354764
  3.71913307
  3.67104824
  3.61934060
  3.56406117
  3.50526451
  3.44300865
  3.37735501
  3.30836839
  3.23611688
  3.16067177
  3.08210752
  3.00050166
  2.91593472
  2.82849016
  2.73825427
  2.64531611
  2.54976739
  2.45170241
  2.35121794
  2.24841314
  2.14338947
  2.03625058
  1.92710219
  1.81605202
  1.70320966
  1.58868647
  1.47259546
  1.35505121
  1.23616972
  1.11606829
  0.99486546
  0.87268084
  0.74963501
  0.62584939
  0.50144614
  0.37654804
  0.25127833
  0.12576065
  0.00011886
 -0.12552305
 -0.25104108
 -0.37631137
