 -0.00003357
 -0.00008792
 -0.00001569
  0.00000000
  0.00001772
  0.00006813
  0.00017960
  0.00025185
  0.00004856
  0.00046974
  0.00029483
  0.00002186
  0.00033254
  0.00024035
  0.00085391
  0.00089742
  0.00062785
  0.00047917
  0.00064016
  0.00036395
  0.00007612
  0.00164910
  0.00056170
  0.00031277
  0.00166300
  0.00101890
  0.00170597
  0.00180569
  0.00220047
  0.00019774
  0.00102128
  0.00116867
  0.00266022
  0.00232852
  0.00067884
  0.00009100
  0.00245323
  0.00026069
  0.00135123
  0.00311445
  0.00127381
  0.00267732
  0.00428224
  0.00325076
  0.00251356
  0.00468190
  0.00425551
  0.00365033
  0.00271517
  0.00287699
  0.00063684
  0.00170243
  0.00520536
  0.00147899
  0.00309521
  0.00007032
  0.00124685
  0.00295008
  0.00255959
  0.00383667
  0.00109838
  0.00136979
  0.00692936
  0.00197555
  0.00039117
  0.00353271
  0.00031323
  0.00001406
  0.00419549
  0.00487669
  0.00174201
  0.00185122
  0.00559325
  0.00642851
  0.00035457
  0.00054750
  0.00362705
  0.00118659
  0.00849870
  0.00759602
  0.00652682
  0.00087397
  0.00588128
  0.00880523
  0.00196210
  0.00758525
  0.00835681
  0.00623953
  0.00664816
  0.00415354
  0.00346712
  0.00906034
  0.00682690
  0.00777181
  0.00461380
  0.00725388
  0.00702083
  0.00070606
  0.00318974
  0.00250334
  0.00879491
  0.00643563
  0.00157631
  0.00641940
  0.00716661
  0.00146623
  0.00473361
  0.00510877
  0.00594436
  0.00418590
  0.00684000
  0.00031754
  0.00437986
  0.00737039
  0.00846910
  0.00709988
  0.00197835
  0.00282221
  0.00438353
  0.00895337
  0.00497253
  0.00223903
  0.00309159
  0.00720553
  0.00301030
  0.00188557
  0.00101965
  0.00454316
  0.00282385
  0.00280972
  0.00024080
  0.00477211
  0.00199948
  0.00731647
  0.00196491
  0.00412522
  0.00039742
  0.00032484
  0.00339104
  0.00567327
  0.00316426
  0.00662060
  0.00219442
  0.00645501
  0.00128750
  0.00669184
  0.00008405
  0.00106916
  0.00334022
  0.00636166
  0.00049640
  0.00327571
  0.00489796
  0.00013094
  0.00456008
  0.00401357
  0.00011102
  0.00133377
  0.00121476
  0.00204869
  0.00435348
  0.00429947
  0.00239537
  0.00106844
  0.00195958
  0.00085041
  0.00269623
  0.00121478
  0.00340161
  0.00341196
  0.00144554
  0.00329415
  0.00101443
  0.00307573
  0.00151497
  0.00263513
  0.00195889
  0.00098074
  0.00039250
  0.00192129
  0.00150807
  0.00108603
  0.00092331
  0.00039750
  0.00068963
  0.00136287
  0.00063258
  0.00129944
  0.00082471
  0.00050348
  0.00031531
  0.00086542
  0.00018490
  0.00017097
  0.00056570
  0.00048325
  0.00032450
  0.00001670
  0.00020379
  0.00025465
  0.00014716
  0.00012062
  0.00004280
 -0.00000000
 -0.00002542
 -0.00007232
 -0.00016193
