  0.67116307
  0.66435234
  0.65746907
  0.65051454
  0.64349011
  0.63639723
  0.62923740
  0.62201218
  0.61472323
  0.60737225
  0.59996103
  0.59249143
  0.58496537
  0.57738484
  0.56975192
  0.56206873
  0.55433749
  0.54656045
  0.53873996
  0.53087842
  0.52297830
  0.51504215
  0.50707257
  0.49907220
  0.49104379
  0.48299013
  0.47491405
  0.46681846
  0.45870632
  0.45058066
  0.44244454
  0.43430109
  0.42615348
  0.41800493
  0.40985872
  0.40171815
  0.39358658
  0.38546740
  0.37736407
  0.36928003
  0.36121881
  0.35318393
  0.34517896
  0.33720750
  0.32927315
  0.32137956
  0.31353038
  0.30572928
  0.29797994
  0.29028607
  0.28265136
  0.27507952
  0.26757425
  0.26013927
  0.25277827
  0.24549495
  0.23829300
  0.23117608
  0.22414785
  0.21721195
  0.21037198
  0.20363154
  0.19699417
  0.19046341
  0.18404274
  0.17773562
  0.17154545
  0.16547561
  0.15952940
  0.15371010
  0.14802092
  0.14246502
  0.13704550
  0.13176538
  0.12662766
  0.12163522
  0.11679091
  0.11209747
  0.10755760
  0.10317390
  0.09894890
  0.09488503
  0.09098466
  0.08725004
  0.08368337
  0.08028672
  0.07706208
  0.07401136
  0.07113634
  0.06843872
  0.06592011
  0.06358199
  0.06142575
  0.05945267
  0.05766393
  0.05606060
  0.05464363
  0.05341386
  0.05237205
  0.05151880
  0.05085463
  0.05037994
  0.05009501
  0.05000001
  0.05009501
  0.05037994
  0.05085463
  0.05151880
  0.05237205
  0.05341386
  0.05464363
  0.05606060
  0.05766393
  0.05945267
  0.06142575
  0.06358199
  0.06592011
  0.06843872
  0.07113634
  0.07401136
  0.07706208
  0.08028672
  0.08368337
  0.08725004
  0.09098466
  0.09488503
  0.09894890
  0.10317390
  0.10755760
  0.11209747
  0.11679091
  0.12163522
  0.12662766
  0.13176538
  0.13704550
  0.14246502
  0.14802092
  0.15371010
  0.15952940
  0.16547561
  0.17154545
  0.17773562
  0.18404274
  0.19046341
  0.19699417
  0.20363154
  0.21037198
  0.21721195
  0.22414785
  0.23117608
  0.23829300
  0.24549495
  0.25277827
  0.26013927
  0.26757425
  0.27507952
  0.28265136
  0.29028607
  0.29797994
  0.30572928
  0.31353038
  0.32137956
  0.32927315
  0.33720750
  0.34517896
  0.35318393
  0.36121881
  0.36928003
  0.37736407
  0.38546740
  0.39358658
  0.40171815
  0.40985872
  0.41800493
  0.42615348
  0.43430109
  0.44244454
  0.45058066
  0.45870632
  0.46681846
  0.47491405
  0.48299013
  0.49104379
  0.49907220
  0.50707257
  0.51504215
  0.52297830
  0.53087842
  0.53873996
  0.54656045
  0.55433749
  0.56206873
  0.56975192
  0.57738484
  0.58496537
  0.59249143
  0.59996103
  0.60737225
  0.61472323
  0.62201218
  0.62923740
  0.63639723
  0.64349011
  0.65051454
  0.65746907
  0.66435234
  0.67116307
