   4.1999999893960194E-002
   8.3999999787920387E-002
  0.12599999968188058     
  0.16799999957584077     
  0.20999999946980097     
  0.25199999936376116     
  0.29399999925772136     
  0.33599999915168155     
  0.37799999904564174     
  0.41999999893960194     
  0.46199999883356213     
  0.50399999872752232     
  0.54599999862148252     
  0.58799999851544271     
  0.62999999840940291     
  0.67199999830336310     
  0.71399999819732329     
  0.75599999809128349     
  0.79799999798524368     
  0.83999999787920387     
  0.88199999777316407     
  0.92399999766712426     
  0.96599999756108446     
   1.0079999974550446     
   1.0499999973490048     
   1.0919999972429650     
   1.1339999971369252     
   1.1759999970308854     
   1.2179999969248456     
   1.2599999968188058     
   1.3019999967127660     
   1.3439999966067262     
   1.3859999965006864     
   1.4279999963946466     
   1.4699999962886068     
   1.5119999961825670     
   1.5539999960765272     
   1.5959999959704874     
   1.6379999958644476     
   1.6799999957584077     
   1.7219999956523679     
   1.7639999955463281     
   1.8059999954402883     
   1.8479999953342485     
   1.8899999952282087     
   1.9319999951221689     
   1.9739999950161291     
   2.0159999949100893     
   2.0579999948040495     
   2.0999999946980097     
   2.1419999945919699     
   2.1839999944859301     
   2.2259999943798903     
   2.2679999942738505     
   2.3099999941678107     
   2.3519999940617708     
   2.3939999939557310     
   2.4359999938496912     
   2.4779999937436514     
   2.5199999936376116     
   2.5619999935315718     
   2.6039999934255320     
   2.6459999933194922     
   2.6879999932134524     
   2.7299999931074126     
   2.7719999930013728     
   2.8139999928953330     
   2.8559999927892932     
   2.8979999926832534     
   2.9399999925772136     
   2.9819999924711738     
   3.0239999923651339     
   3.0659999922590941     
   3.1079999921530543     
   3.1499999920470145     
   3.1919999919409747     
   3.2339999918349349     
   3.2759999917288951     
   3.3179999916228553     
   3.3599999915168155     
   3.4019999914107757     
   3.4439999913047359     
   3.4859999911986961     
   3.5279999910926563     
   3.5699999909866165     
   3.6119999908805767     
   3.6539999907745369     
   3.6959999906684970     
   3.7379999905624572     
   3.7799999904564174     
   3.8219999903503776     
   3.8639999902443378     
   3.9059999901382980     
   3.9479999900322582     
   3.9899999899262184     
   4.0319999898201786     
   4.0739999897141388     
   4.1159999896080990     
   4.1579999895020592     
   4.1999999893960194     
   4.2419999892899796     
   4.2839999891839398     
   4.3259999890779000     
   4.3679999889718601     
   4.4099999888658203     
   4.4519999887597805     
   4.4939999886537407     
   4.5359999885477009     
   4.5779999884416611     
   4.6199999883356213     
   4.6619999882295815     
   4.7039999881235417     
   4.7459999880175019     
   4.7879999879114621     
   4.8299999878054223     
   4.8719999876993825     
   4.9139999875933427     
   4.9559999874873029     
   4.9979999873812631     
   5.0399999872752232     
   5.0819999871691834     
   5.1239999870631436     
   5.1659999869571038     
   5.2079999868510640     
   5.2499999867450242     
   5.2919999866389844     
   5.3339999865329446     
   5.3759999864269048     
   5.4179999863208650     
   5.4599999862148252     
   5.5019999861087854     
   5.5439999860027456     
   5.5859999858967058     
   5.6279999857906660     
   5.6699999856846262     
   5.7119999855785863     
   5.7539999854725465     
   5.7959999853665067     
   5.8379999852604669     
   5.8799999851544271     
   5.9219999850483873     
   5.9639999849423475     
   6.0059999848363077     
   6.0479999847302679     
   6.0899999846242281     
   6.1319999845181883     
   6.1739999844121485     
   6.2159999843061087     
   6.2579999842000689     
   6.2999999840940291     
   6.3419999839879893     
   6.3839999838819494     
   6.4259999837759096     
   6.4679999836698698     
   6.5099999835638300     
   6.5519999834577902     
   6.5939999833517504     
   6.6359999832457106     
   6.6779999831396708     
   6.7199999830336310     
   6.7619999829275912     
   6.8039999828215514     
   6.8459999827155116     
   6.8879999826094718     
   6.9299999825034320     
   6.9719999823973922     
   7.0139999822913524     
   7.0559999821853125     
   7.0979999820792727     
   7.1399999819732329     
   7.1819999818671931     
   7.2239999817611533     
   7.2659999816551135     
   7.3079999815490737     
   7.3499999814430339     
   7.3919999813369941     
   7.4339999812309543     
   7.4759999811249145     
   7.5179999810188747     
   7.5599999809128349     
   7.6019999808067951     
   7.6439999807007553     
   7.6859999805947155     
   7.7279999804886756     
   7.7699999803826358     
   7.8119999802765960     
   7.8539999801705562     
   7.8959999800645164     
   7.9379999799584766     
   7.9799999798524368     
   8.0219999797463970     
   8.0639999796403572     
   8.1059999795343174     
   8.1479999794282776     
   8.1899999793222378     
   8.2319999792161980     
   8.2739999791101582     
   8.3159999790041184     
   8.3579999788980786     
   8.3999999787920387     
   8.4419999786859989     
   8.4839999785799591     
   8.5259999784739193     
   8.5679999783678795     
   8.6099999782618397     
   8.6519999781557999     
   8.6939999780497601     
   8.7359999779437203     
   8.7779999778376805     
   8.8199999777316407     
   8.8619999776256009     
   8.9039999775195611     
   8.9459999774135213     
   8.9879999773074815     
   9.0299999772014417     
   9.0719999770954018     
   9.1139999769893620     
   9.1559999768833222     
   9.1979999767772824     
   9.2399999766712426     
   9.2819999765652028     
   9.3239999764591630     
   9.3659999763531232     
   9.4079999762470834     
   9.4499999761410436     
   9.4919999760350038     
   9.5339999759289640     
   9.5759999758229242     
   9.6179999757168844     
   9.6599999756108446     
   9.7019999755048048     
   9.7439999753987649     
   9.7859999752927251     
   9.8279999751866853     
   9.8699999750806455     
   9.9119999749746057     
   9.9539999748685659     
   9.9959999747625261     
   10.037999974656486     
   10.079999974550446     
   10.121999974444407     
   10.163999974338367     
   10.205999974232327     
   10.247999974126287     
   10.289999974020247     
   10.331999973914208     
   10.373999973808168     
   10.415999973702128     
   10.457999973596088     
   10.499999973490048     
   10.541999973384009     
   10.583999973277969     
   10.625999973171929     
   10.667999973065889     
   10.709999972959849     
   10.751999972853810     
   10.793999972747770     
   10.835999972641730     
   10.877999972535690     
   10.919999972429650     
   10.961999972323611     
   11.003999972217571     
   11.045999972111531     
   11.087999972005491     
   11.129999971899451     
   11.171999971793412     
   11.213999971687372     
   11.255999971581332     
   11.297999971475292     
   11.339999971369252     
   11.381999971263213     
   11.423999971157173     
   11.465999971051133     
   11.507999970945093     
   11.549999970839053     
   11.591999970733013     
   11.633999970626974     
   11.675999970520934     
   11.717999970414894     
   11.759999970308854     
   11.801999970202814     
   11.843999970096775     
   11.885999969990735     
   11.927999969884695     
   11.969999969778655     
   12.011999969672615     
   12.053999969566576     
   12.095999969460536     
   12.137999969354496     
   12.179999969248456     
   12.221999969142416     
   12.263999969036377     
   12.305999968930337     
   12.347999968824297     
   12.389999968718257     
   12.431999968612217     
   12.473999968506178     
   12.515999968400138     
   12.557999968294098     
   12.599999968188058     
   12.641999968082018     
   12.683999967975979     
   12.725999967869939     
   12.767999967763899     
   12.809999967657859     
   12.851999967551819     
   12.893999967445779     
   12.935999967339740     
   12.977999967233700     
   13.019999967127660     
   13.061999967021620     
   13.103999966915580     
   13.145999966809541     
   13.187999966703501     
   13.229999966597461     
   13.271999966491421     
   13.313999966385381     
   13.355999966279342     
   13.397999966173302     
   13.439999966067262     
   13.481999965961222     
   13.523999965855182     
   13.565999965749143     
   13.607999965643103     
   13.649999965537063     
   13.691999965431023     
   13.733999965324983     
   13.775999965218944     
   13.817999965112904     
   13.859999965006864     
   13.901999964900824     
   13.943999964794784     
   13.985999964688745     
   14.027999964582705     
   14.069999964476665     
   14.111999964370625     
   14.153999964264585     
   14.195999964158545     
   14.237999964052506     
   14.279999963946466     
   14.321999963840426     
   14.363999963734386     
   14.405999963628346     
   14.447999963522307     
   14.489999963416267     
   14.531999963310227     
   14.573999963204187     
   14.615999963098147     
   14.657999962992108     
   14.699999962886068     
   14.741999962780028     
   14.783999962673988     
   14.825999962567948     
   14.867999962461909     
   14.909999962355869     
   14.951999962249829     
   14.993999962143789     
   15.035999962037749     
   15.077999961931710     
   15.119999961825670     
   15.161999961719630     
   15.203999961613590     
   15.245999961507550     
   15.287999961401511     
   15.329999961295471     
   15.371999961189431     
   15.413999961083391     
   15.455999960977351     
   15.497999960871311     
   15.539999960765272     
   15.581999960659232     
   15.623999960553192     
   15.665999960447152     
   15.707999960341112     
   15.749999960235073     
   15.791999960129033     
   15.833999960022993     
   15.875999959916953     
   15.917999959810913     
   15.959999959704874     
   16.001999959598834     
   16.043999959492794     
   16.085999959386754     
   16.127999959280714     
   16.169999959174675     
   16.211999959068635     
   16.253999958962595     
   16.295999958856555     
   16.337999958750515     
   16.379999958644476     
   16.421999958538436     
   16.463999958432396     
   16.505999958326356     
   16.547999958220316     
   16.589999958114277     
   16.631999958008237     
   16.673999957902197     
   16.715999957796157     
   16.757999957690117     
   16.799999957584077     
   16.841999957478038     
   16.883999957371998     
   16.925999957265958     
   16.967999957159918     
   17.009999957053878     
   17.051999956947839     
   17.093999956841799     
   17.135999956735759     
   17.177999956629719     
   17.219999956523679     
   17.261999956417640     
   17.303999956311600     
   17.345999956205560     
   17.387999956099520     
   17.429999955993480     
   17.471999955887441     
   17.513999955781401     
   17.555999955675361     
   17.597999955569321     
   17.639999955463281     
   17.681999955357242     
   17.723999955251202     
   17.765999955145162     
   17.807999955039122     
   17.849999954933082     
   17.891999954827043     
   17.933999954721003     
   17.975999954614963     
   18.017999954508923     
   18.059999954402883     
   18.101999954296843     
   18.143999954190804     
   18.185999954084764     
   18.227999953978724     
   18.269999953872684     
   18.311999953766644     
   18.353999953660605     
   18.395999953554565     
   18.437999953448525     
   18.479999953342485     
   18.521999953236445     
   18.563999953130406     
   18.605999953024366     
   18.647999952918326     
   18.689999952812286     
   18.731999952706246     
   18.773999952600207     
   18.815999952494167     
   18.857999952388127     
   18.899999952282087     
   18.941999952176047     
   18.983999952070008     
   19.025999951963968     
   19.067999951857928     
   19.109999951751888     
   19.151999951645848     
   19.193999951539809     
   19.235999951433769     
   19.277999951327729     
   19.319999951221689     
   19.361999951115649     
   19.403999951009610     
   19.445999950903570     
   19.487999950797530     
   19.529999950691490     
   19.571999950585450     
   19.613999950479410     
   19.655999950373371     
   19.697999950267331     
   19.739999950161291     
   19.781999950055251     
   19.823999949949211     
   19.865999949843172     
   19.907999949737132     
   19.949999949631092     
   19.991999949525052     
   20.033999949419012     
   20.075999949312973     
   20.117999949206933     
   20.159999949100893     
   20.201999948994853     
   20.243999948888813     
   20.285999948782774     
   20.327999948676734     
   20.369999948570694     
   20.411999948464654     
   20.453999948358614     
   20.495999948252575     
   20.537999948146535     
   20.579999948040495     
   20.621999947934455     
   20.663999947828415     
   20.705999947722376     
   20.747999947616336     
   20.789999947510296     
   20.831999947404256     
   20.873999947298216     
   20.915999947192176     
   20.957999947086137     
   20.999999946980097     
